NAME = AISearchfile048,
SIZE = 48,
1259,205,1286,961,285,586,642,820,397,565,780,569,397,1011,915,1317,1506,1155,1579,2198,405,1356,1573,847,1149,604,1210,972,1300,745,835,846,235,1153,1163,642,563,754,706,1114,2336,1060,652,582,919,2114,679,
410,1985,913,456,1058,862,847,690,649,915,723,943,882,1143,293,2091,663,451,664,260,371,969,1214,740,337,428,388,552,325,869,543,816,780,479,483,478,325,1086,723,1403,813,2085,591,524,1376,547,
1107,1590,1070,521,178,743,836,330,362,1010,483,744,1320,2136,2699,1499,1244,1298,1479,387,2108,949,779,528,1306,919,781,259,472,115,257,344,1828,317,660,715,608,1137,738,703,445,853,375,2117,467,
1239,982,686,2385,1969,2412,2439,947,1427,2156,1252,1475,1950,2013,1304,2172,1758,2066,1583,1888,1836,825,2290,1576,2445,2115,1005,2063,1633,2055,1849,2165,1371,2708,1969,2540,1885,177,1497,2425,945,1759,2493,685,
1796,488,355,1252,557,1291,500,653,238,702,426,1995,2121,1690,973,2485,1374,1837,940,229,1692,521,1056,1525,1152,983,1335,579,818,1552,1479,572,1496,533,924,358,603,973,1763,341,2072,1785,231,
432,985,1467,1399,879,331,908,455,1207,1488,863,1645,1749,503,959,1604,689,2237,374,1493,1137,902,831,197,821,1023,720,1009,626,699,1473,770,1219,649,1017,998,1079,1181,676,341,1872,455,
703,580,607,878,883,1315,817,1729,622,166,2405,598,1753,1171,721,1699,768,123,1098,1282,491,1397,794,847,529,463,918,745,1144,290,492,739,526,669,592,390,732,661,525,2285,1038,
413,605,862,907,1191,1119,1051,1104,214,2043,2300,783,742,748,371,1489,805,1157,812,220,708,235,699,792,731,1123,1056,1511,1524,511,939,776,630,1508,700,983,396,543,2026,568,
1473,1474,803,1878,161,1507,763,370,653,1982,881,1427,2421,833,290,1125,578,384,776,1338,173,776,1580,180,442,227,400,697,1226,1114,355,819,519,1501,326,361,740,2138,875,
1094,188,1049,197,1235,1264,1612,1744,2145,1089,1356,1018,636,1614,999,757,129,1903,866,1199,1272,937,644,290,538,999,744,820,1105,669,617,2435,803,2339,1560,335,701,559,
269,1654,1023,1204,807,1095,1986,1017,1184,882,482,1148,2520,1124,453,410,905,96,358,1227,1358,1161,316,1769,663,920,1370,567,827,837,861,334,1087,515,1212,1867,392,
818,1309,252,826,476,940,1857,328,1178,188,1568,1709,343,1038,939,642,594,311,435,107,1275,319,316,1829,480,1254,483,312,1033,1828,90,1441,741,726,1467,309,
473,828,263,1229,2523,1263,582,801,1081,1972,1908,504,1073,484,457,951,551,182,1640,558,651,1185,304,1713,1539,892,547,967,2281,1198,1024,972,406,1114,598,
882,340,655,1858,1456,1727,182,1560,1727,1796,459,902,214,665,1780,470,815,325,916,627,251,697,154,499,1032,1029,617,1326,525,848,550,1169,1972,704,
189,823,896,1776,1430,802,1122,617,1961,959,1110,1256,882,1291,631,792,849,503,1238,507,1087,1720,1584,999,1105,516,1600,949,1039,552,1148,1359,444,
986,1949,887,360,1802,713,863,1287,1204,428,803,510,411,739,725,1000,481,155,165,865,240,100,1169,1131,443,641,435,1347,231,594,2455,1034,
1926,1137,552,831,838,987,1146,216,1129,623,645,1735,554,1486,1119,541,400,429,1362,1335,440,927,712,1159,220,1092,1643,932,992,2408,1061,
2300,2568,1550,2301,1157,1176,1688,1963,1483,904,534,2594,600,2264,1446,995,2571,1490,2410,1429,2374,967,347,781,1802,2166,930,1584,1184,2139,
330,1783,1592,1466,2204,346,1607,2202,356,1446,1794,1036,1280,1581,1453,357,2083,1316,1508,586,872,1225,595,1499,1906,588,1049,2333,1057,
562,1494,2099,2059,443,1038,279,1698,985,585,83,1019,666,1556,1007,1094,685,2394,1299,666,1836,1472,1341,271,598,758,2428,400,
292,999,1239,2203,1240,667,396,1809,1897,1941,1374,1936,937,1438,1480,2147,1983,2596,1359,2119,1042,1745,604,442,2049,1938,492,
1969,1508,1631,646,864,609,957,1210,761,652,533,641,1097,1171,1092,632,570,1815,1022,514,1905,1760,853,1420,973,662,
443,925,2089,1453,668,504,1402,1829,1925,1492,953,1393,1162,1668,1434,1200,1845,1547,875,579,1260,1398,1250,2182,484,
1717,2179,1240,2266,1500,1752,727,2139,1644,1704,2151,229,550,1019,1890,1744,1650,1718,1166,826,335,1898,1030,1865,
613,902,495,235,1283,1156,238,1251,548,516,546,90,681,701,443,1364,923,596,1188,1176,641,959,751,
485,429,454,1173,587,851,414,219,894,891,749,587,936,318,670,1021,721,1152,1163,1251,2101,240,
1461,369,420,1603,590,217,1213,976,320,350,882,1100,1479,482,354,630,1698,674,879,1021,262,
1008,774,330,426,1463,1057,695,2377,345,996,1621,490,414,138,296,130,1327,2237,2082,942,
609,140,1972,839,1004,361,1425,1138,1761,879,623,309,1835,930,736,486,690,2367,811,
308,476,803,1183,1369,222,435,618,1286,983,739,1187,588,1726,1231,1421,1395,1589,
1861,453,410,755,273,809,699,676,1051,632,2238,814,919,1353,1082,1787,1723,
645,1326,1617,1052,1722,267,225,1673,583,796,981,1241,917,393,145,354,
1280,700,950,549,451,676,630,861,928,928,1255,216,560,1891,273,
767,624,790,1178,1447,1361,815,567,180,665,921,454,1197,796,
177,721,1457,947,504,760,2044,581,1716,917,369,1369,466,
1519,884,1183,469,610,2010,1025,872,1157,252,678,667,
402,821,358,510,1553,726,949,1461,506,1724,1272,
940,680,1049,268,1551,968,1531,1304,2380,254,
833,1315,1038,1605,482,1266,1580,1506,660,
1082,303,939,424,236,1222,1737,966,
1212,626,952,626,798,1943,238,
739,898,604,194,1475,264,
1111,548,334,2734,291,
813,1333,1681,795,
352,678,1023,
1975,242,
668