NAME = AISearchfile042,
SIZE = 42,
147,59,36,26,178,84,114,106,129,127,71,95,155,48,117,54,46,123,165,83,80,118,174,31,27,107,116,84,138,41,133,155,90,94,159,135,118,185,143,29,35,
47,71,13,121,172,59,30,65,46,36,30,25,52,63,37,43,59,126,46,172,37,124,17,98,62,37,38,99,136,97,41,53,148,57,45,67,158,71,93,23,
113,30,96,51,25,85,75,35,91,87,55,111,85,39,42,98,61,47,53,70,71,12,71,38,109,53,126,66,130,63,150,56,51,53,62,57,98,69,29,
15,34,50,41,43,110,30,50,117,50,105,63,32,36,83,32,72,48,97,30,3,93,91,186,X44,77,48,45,42,192,34,66,96,97,33,115,91,9,
31,27,30,28,26,14,20,15,15,21,24,21,47,41,45,18,49,21,48,8,37,17,32,20,76,32,41,23,32,50,25,29,15,43,49,12,39,
63,134,140,124,136,141,67,123,59,115,72,62,130,123,105,68,101,142,27,21,104,78,90,170,28,161,104,90,94,122,102,110,142,120,27,34,
90,32,28,78,34,125,49,64,43,59,69,36,73,45,114,151,69,5,80,72,176,27,59,85,57,75,188,118,147,178,77,78,48,44,55,
41,86,67,31,18,42,32,52,32



,24,59,160,53,130,26,146,9,64,51,57,49,85,83,111,69,61,164,74,41,47,133,84,46,24,
108,44,83,45,89,42,60,27,31,88,63,39,36,46,142,8,22,66,83,36,93,26,112,97,111,51,42,38,64,75,126,38,28,
79,115,79,86,88,117,61,51,108,105,Y77,50,70,111,11,77,71,108,68,185,35,146,67,77,84,79,64,66,126,145,116,46,
43,35,81,23,54,39,23,81,159



,46,89,18,108,21,44,42,55,43,101,62,124,74,61,121,76,34,50,155,75,39,14,
65,91,92,81,34,24,99,49,62,38,51,103,20,46,61,105,36,109,30,136,64,113,43,44,48,53,60,90,51,28,
40,91,62,38,45,82,139,66,157,29,97,6,171,59,3,45,62,144,60,33,12,156,21,33,53,113,67,166,27,
55,71,44,35,62,87,49,63,36,150,12,39,52,63,39,123,44,100,95,84,76,60,34,78,120,109,34,24,
98,42,28,66,49,31,47,93,46,20,62,59,147,36,119,63,85,56,186,46,60,73,79,54,115,106,33,
50,41,103,104,40,42,78,91,20,111,81,80,44,144,105,156,82,92,56,66,75,81,128,104,84,35,
50,63,82,60,30,41,59,15,87,15,71,61,120,99,105,40,60,58,40,54,25,69,88,47,49,
57,62,16,62,32,29,9,60,20,54,62,99,81,90                ,29,48,36,36,34,31,58,84,36,37,
110,67,34,84,97,23,114,62,88,72,140,69,150,76,86,77,71,69,107,124,149,112,46,
71,122,163,120,22,46,97,134,93,106,48,124,126,124,137,155,163,86,164,106,30,42,
77,56,75,6,96,59,71,58,135,56,130,49,74,90,60,46,66,101,106,95,17,
129,83,21,36,82,182,60,60,89,62,86,167,117,185,151,49,77,61,46,70,
102,9,171,50,11,62,65,176,71,34,55,161,35,35,58,139,65,134,38,
21,19,86,86,51,101,34,146,128,87,96,146,108,85,186,104,32,53,
8,10,25,17,35,29Z,10,11,6,30,18,12,5,26,40,11,45,
64,164,107,29,77,14,56,147,40,10



2,137,84,34,40,87,40,
92,60,142,74,137,59,80,65,70,54,62,93,114,98,26,
64,88,144,84,58,5,161,47,41,86,119,101,188,41,
124,88,125,53,77,87,48,49,20,72,99,75,21,
22,187,113,107,78,105,73,150,140,181,47,85,
29,60,180,44,110,176,102,53,23,89,54,
128,94,80,98,103,142,143,191,36,81,
66,97,61,20,62,160,90,49,25,
140,64,41,98,119,114,166,38,
179,131,64,139,77,46,68,
46,70,133,107,83,33,
72,159,67,99,24,
118,108,66,22,
130,28,58,
78,63,
39