NAME = AISearchfile175,
SIZE = 175,
204,320,320,218,312,385,241,286,391,378,289,378,304,286,236,391,238,378,320,275,304,320,345,320,312,320,284,378,204,333,283,177,223,333,313,268,177,304,312,333,320,201,391,416,232,207,225,286,333,213,301,177,378,320,378,284,177,345,320,333,284,333,323,149,320,284,320,320,247,333,177,378,300,167,177,327,246,320,378,320,345,204,223,391,299,304,391,333,378,324,378,284,320,333,113,192,345,305,209,333,304,298,324,301,167,345,378,177,345,391,246,311,252,378,378,391,277,289,204,416,284,276,345,333,345,277,345,273,290,333,320,269,284,345,333,320,378,204,286,391,284,204,391,391,204,277,416,189,246,191,283,416,378,391,391,391,333,246,277,204,134,320,113,345,300,177,391,293,203,378,304,333,266,177,
288,261,203,249,336,227,236,344,329,279,329,252,252,222,344,224,329,265,265,239,273,289,274,249,261,220,329,126,276,273,191,237,276,303,254,204,239,249,276,261,216,344,370,218,192,211,215,276,227,292,129,329,261,329,268,204,289,261,276,268,276,314,204,310,211,261,261,233,276,158,329,290,204,175,318,160,261,329,295,289,143,209,344,289,239,344,276,329,266,329,211,261,276,204,207,289,295,194,276,239,288,266,292,204,289,329,137,289,344,232,301,238,329,329,344,204,279,83,370,245,266,289,276,289,203,289,261,280,276,285,256,211,289,276,303,329,177,215,344,211,143,344,344,162,202,370,205,245,204,273,370,329,344,344,344,276,160,202,175,204,280,204,289,290,132,344,283,204,329,239,276,252,129,
319,279,296,229,279,185,241,218,170,218,169,169,320,241,261,289,149,320,261,134,282,133,274,304,203,340,298,333,320,333,362,326,320,320,320,350,236,340,291,348,241,319,279,261,320,274,324,355,220,294,218,319,218,170,334,256,155,361,170,347,258,320,320,319,313,302,320,234,314,304,170,327,324,320,277,296,218,113,226,268,261,326,261,329,354,245,319,308,218,220,311,210,320,342,354,320,261,167,285,320,261,279,320,270,347,304,344,311,279,258,261,218,256,361,220,170,290,278,366,261,281,224,175,340,193,279,320,177,87,220,296,213,266,134,274,261,334,266,236,308,241,241,261,285,278,341,366,320,279,311,218,241,296,241,274,284,329,323,320,113,320,241,170,279,282,279,320,333,185,289,261,284,
279,149,340,279,277,340,274,310,266,288,288,320,241,268,218,296,320,207,304,177,305,189,134,264,218,261,134,320,279,320,125,333,320,320,172,232,149,162,320,282,278,279,261,320,189,125,320,322,279,289,70,333,299,320,213,294,189,299,167,343,320,340,170,102,137,320,234,279,218,321,320,279,347,220,149,326,326,243,261,261,241,320,128,241,224,218,128,311,248,113,258,320,279,177,326,261,289,172,320,207,322,320,197,218,279,162,241,279,331,278,256,218,241,248,310,261,278,200,298,178,245,283,179,272,294,320,282,316,290,170,256,202,333,218,261,166,241,232,261,319,266,261,179,299,320,220,320,304,278,274,245,241,296,189,220,179,261,320,311,320,227,321,279,241,314,320,218,277,167,288,279,
270,352,137,240,359,345,236,345,263,240,177,359,132,345,279,185,263,279,307,279,270,279,236,345,218,294,198,269,300,294,241,177,177,288,270,294,279,285,359,384,126,129,177,240,294,293,225,213,345,279,345,236,270,307,279,299,236,294,257,250,252,248,279,279,177,294,241,345,236,261,256,263,187,279,345,279,307,172,129,359,222,264,359,294,345,284,345,236,279,294,229,279,307,231,129,294,263,220,284,225,177,307,345,227,307,359,143,240,152,345,345,359,227,236,207,384,305,187,307,294,307,276,307,181,209,294,279,187,236,307,294,279,345,137,270,359,236,232,359,359,158,227,384,278,305,177,198,384,345,359,359,359,294,198,264,255,239,279,207,307,236,181,359,213,177,345,263,294,172,198,
319,270,248,319,245,288,234,264,264,312,253,249,230,274,312,172,282,170,283,149,113,232,230,249,177,312,270,312,167,312,312,312,207,200,189,112,312,256,287,270,249,312,149,163,312,300,270,266,149,311,277,312,177,272,223,277,201,322,312,319,154,138,112,312,202,270,230,299,312,270,326,208,112,304,304,211,249,249,253,298,172,253,189,230,128,289,216,134,226,312,270,213,312,249,266,128,312,172,300,312,170,230,270,198,253,270,310,250,230,230,253,216,288,249,287,232,275,170,213,258,189,242,271,312,256,293,268,154,224,167,311,230,249,179,253,200,249,296,253,249,166,287,312,232,312,281,287,245,253,253,274,149,208,172,249,312,289,312,194,299,270,253,291,312,230,248,143,264,270,
352,271,111,224,274,234,251,271,385,266,336,311,229,385,285,229,304,229,296,326,274,361,336,354,385,354,385,347,385,385,385,370,268,361,314,385,213,340,352,336,385,296,345,385,308,352,202,340,113,274,385,282,229,379,274,367,333,385,385,340,335,324,385,266,352,326,274,385,352,385,308,319,134,229,258,336,336,347,336,350,373,274,340,329,167,274,333,242,385,363,373,385,336,208,308,385,285,352,385,292,367,352,365,333,352,333,336,245,282,379,280,274,336,296,385,336,303,256,211,361,226,352,385,213,229,308,319,245,289,229,296,336,355,289,274,336,149,234,336,308,185,385,385,385,352,333,224,256,319,189,296,308,350,344,385,229,385,272,274,352,304,352,385,354,251,311,336,352,
240,359,345,236,345,263,240,177,359,129,345,279,177,263,279,307,279,270,279,236,345,241,294,177,285,316,294,218,177,185,304,270,294,279,301,359,384,107,152,177,240,294,309,202,236,345,279,345,236,286,307,279,315,236,300,234,272,229,270,279,279,177,294,265,345,236,279,275,240,211,279,345,279,307,198,130,359,197,282,359,294,345,284,345,236,279,294,252,295,308,207,150,294,263,196,284,202,198,307,345,250,307,359,90,216,129,345,345,359,227,236,231,384,321,161,307,294,307,293,307,152,183,294,279,187,240,307,294,279,345,171,287,359,236,256,359,359,185,227,384,294,321,177,172,384,345,359,359,359,294,222,282,275,263,279,231,307,236,207,359,187,177,345,263,294,138,222,
280,263,172,263,128,128,286,280,215,263,166,286,200,166,227,166,216,259,128,299,250,291,286,292,322,284,286,286,286,310,172,299,241,308,280,312,240,215,286,216,282,315,191,245,263,277,263,149,293,208,166,321,149,306,225,286,286,277,271,257,286,189,272,263,189,286,282,286,220,248,263,198,208,215,215,284,215,288,314,189,277,264,263,149,269,189,286,302,314,286,215,189,232,286,200,240,286,210,306,259,304,280,240,211,215,263,263,321,149,172,240,312,327,215,226,189,208,299,208,240,286,189,180,170,248,208,205,209,263,215,293,280,172,265,280,280,215,232,312,300,327,286,240,312,263,280,280,280,216,231,288,282,286,174,286,208,189,240,280,240,286,291,128,238,215,240,
224,283,234,262,280,391,266,344,311,241,391,285,241,304,241,296,326,283,361,344,354,391,359,391,347,391,391,391,370,268,361,314,391,213,340,359,344,391,296,345,391,316,359,202,340,127,283,391,282,241,379,283,367,341,391,391,340,335,324,391,266,359,326,283,391,359,391,316,319,134,241,258,344,344,347,344,350,373,274,340,329,167,283,333,242,391,363,373,391,344,220,308,391,285,359,391,292,367,359,365,333,359,341,344,245,282,379,289,283,344,296,385,344,303,256,211,361,226,359,391,220,241,316,319,245,289,241,296,344,355,289,283,344,149,234,344,308,185,391,385,391,359,333,224,256,319,189,296,316,350,344,391,241,391,272,283,359,304,359,391,354,262,311,344,359,
266,113,240,263,378,167,329,234,218,378,240,218,224,218,230,256,266,296,329,289,378,345,378,282,378,378,378,308,230,296,238,378,127,274,345,329,378,263,280,378,300,345,134,274,213,266,378,189,218,319,266,304,326,378,378,274,269,253,378,196,345,256,266,378,345,378,300,245,202,218,177,329,329,282,329,285,311,196,274,261,177,266,266,196,378,345,311,378,329,196,240,378,211,345,378,206,304,345,301,266,345,326,329,134,189,319,272,266,329,213,325,329,222,196,177,296,177,345,378,196,218,300,266,177,202,218,213,329,290,202,266,329,189,127,329,272,187,378,325,378,345,266,70,149,245,149,213,300,285,329,378,218,378,177,266,345,224,345,378,289,240,234,329,345,
266,149,149,284,283,211,280,170,284,248,170,273,170,264,295,189,332,289,325,284,325,354,318,284,284,284,342,224,332,283,340,283,314,236,218,284,264,316,347,166,285,266,310,266,128,326,243,170,353,128,339,208,311,284,310,305,294,284,222,305,295,128,319,315,284,268,288,266,170,213,256,211,318,211,321,346,232,310,299,266,207,303,197,296,334,346,284,217,193,277,284,248,236,284,258,339,295,336,303,236,208,211,266,266,353,207,70,282,314,358,211,272,211,211,332,211,236,284,193,170,166,288,211,254,170,266,231,326,283,224,299,283,283,245,277,314,333,358,284,236,314,266,283,288,283,264,275,321,315,304,170,284,229,128,265,283,236,284,325,172,280,211,275,
240,263,378,149,329,224,218,378,240,218,213,218,230,245,266,289,329,282,378,345,378,274,378,378,378,300,230,289,227,378,134,266,345,329,378,263,272,378,300,345,149,266,224,266,378,177,218,311,266,296,326,378,378,266,258,243,378,196,345,245,266,378,345,378,300,234,213,218,177,329,329,274,329,278,304,196,266,250,189,266,256,196,378,345,304,378,329,196,240,378,211,345,378,194,296,345,294,256,345,326,329,113,177,311,272,266,329,202,318,329,211,196,177,289,177,345,378,196,218,300,266,177,196,224,202,329,283,189,266,329,202,127,329,272,187,378,318,378,345,256,113,134,234,167,202,300,278,329,378,218,378,177,266,345,213,345,378,282,240,224,329,345,
128,304,262,239,254,127,304,216,137,243,138,232,273,149,310,266,303,304,303,333,295,304,304,304,321,189,310,257,319,262,294,263,239,304,232,293,326,196,263,240,288,240,132,304,211,127,332,132,318,236,304,304,288,282,271,304,187,283,273,172,304,293,304,236,264,240,179,181,239,239,295,239,299,325,200,288,277,240,172,280,162,304,313,325,304,239,162,248,304,216,263,304,226,318,273,315,280,263,236,239,240,240,332,172,149,256,294,337,239,242,175,181,310,181,263,304,162,163,196,264,181,222,191,240,239,304,262,189,277,262,262,239,248,294,311,337,304,263,294,240,262,264,262,232,247,299,293,304,152,304,196,172,263,262,263,304,303,128,254,239,263,
286,280,215,263,166,286,216,166,243,166,232,273,149,310,266,303,286,303,333,295,286,286,286,321,189,310,257,319,280,312,240,215,286,232,293,326,174,261,263,288,263,128,304,211,166,332,128,318,211,289,286,288,282,271,286,189,283,273,172,296,293,286,236,264,263,179,208,224,215,295,215,299,325,200,288,277,263,172,280,189,286,313,325,286,215,189,248,286,216,240,286,226,318,273,315,280,240,211,215,263,263,332,172,149,256,312,337,215,242,189,208,310,208,240,286,189,166,170,264,208,222,191,263,215,304,280,189,277,280,280,215,248,312,311,337,286,240,312,263,280,280,280,232,247,299,293,286,166,286,208,172,240,280,240,286,303,128,254,215,247,
391,204,378,320,167,304,320,345,320,312,320,284,378,236,333,177,282,313,333,224,149,179,304,312,333,320,298,391,416,177,204,113,286,333,305,246,231,378,320,378,284,283,345,320,333,284,333,239,268,234,284,320,320,113,333,259,378,284,275,272,245,246,320,378,320,345,204,204,391,204,304,391,333,378,324,378,284,320,333,247,292,345,213,204,333,304,202,324,207,191,345,378,245,345,391,177,222,204,378,378,391,277,284,225,416,318,204,345,333,345,289,345,177,189,333,320,246,284,345,333,320,378,204,286,391,284,250,391,391,204,277,416,290,318,167,177,416,378,391,391,391,333,246,278,272,257,320,225,345,284,202,391,193,149,378,304,333,204,217,
344,189,241,391,262,241,202,241,253,241,283,266,344,256,391,359,391,245,391,391,391,278,253,266,241,391,177,234,359,344,391,280,242,391,316,359,189,241,256,283,391,202,241,289,283,274,341,391,391,283,241,241,391,220,359,213,283,391,359,391,316,241,245,245,202,344,344,245,344,262,281,220,234,234,224,283,241,220,391,359,281,391,344,220,262,391,234,359,391,202,274,359,272,224,359,341,344,134,134,289,289,283,344,167,295,344,202,220,202,289,202,359,391,220,241,316,283,202,220,256,167,344,280,149,283,344,234,149,344,289,205,391,316,391,359,224,167,113,202,202,220,316,289,344,391,241,391,202,283,359,177,359,391,256,262,220,344,359,
329,261,204,239,261,289,261,249,261,211,329,238,283,204,283,314,276,222,204,204,301,249,290,261,299,344,370,129,146,204,215,276,306,206,232,329,268,329,211,284,289,261,312,211,298,238,269,233,268,261,261,204,276,261,329,211,276,273,243,207,261,329,261,289,194,126,344,202,279,344,276,329,266,329,211,261,276,248,293,305,211,143,276,239,204,266,206,204,289,329,247,295,344,129,220,126,329,329,344,202,211,227,370,319,167,289,276,289,290,289,159,204,276,261,160,236,289,276,261,329,167,284,344,211,252,344,344,180,220,370,291,319,204,175,370,329,344,344,344,276,218,279,273,259,261,227,289,211,203,344,191,204,329,239,276,143,218,
266,378,240,274,177,275,230,218,266,202,329,196,378,345,378,196,378,378,378,240,230,202,218,378,245,187,345,329,378,263,196,378,300,345,256,218,304,269,378,177,263,234,269,213,326,378,378,266,218,218,378,196,345,134,291,378,345,378,300,218,296,296,199,329,329,177,329,240,223,196,167,211,282,266,218,216,378,345,223,378,329,256,240,378,211,345,378,177,213,345,209,149,345,326,329,213,167,234,272,280,329,187,266,329,177,202,247,272,231,345,378,245,286,300,266,213,196,304,134,329,263,149,266,329,289,224,329,272,269,378,300,378,345,187,234,202,127,266,196,300,272,329,378,282,378,181,291,345,127,345,378,189,240,196,329,345,
320,229,113,256,118,245,282,170,319,275,311,320,312,341,304,320,320,320,329,203,319,269,327,241,296,279,261,320,245,302,334,220,279,218,296,218,170,320,224,84,340,170,326,258,320,320,296,291,280,320,202,292,282,170,320,302,320,249,274,218,167,192,261,261,304,261,308,333,213,296,285,218,185,289,174,320,321,333,320,261,125,261,320,229,279,320,238,326,282,323,289,279,258,261,218,224,340,185,170,268,278,346,261,254,189,154,319,154,279,320,134,142,220,274,177,234,177,245,261,313,241,203,285,241,241,261,261,278,320,346,320,279,289,218,241,274,241,245,259,308,301,320,134,320,209,170,279,256,279,320,311,143,266,261,279,
304,320,345,320,312,320,284,378,275,333,113,312,341,333,177,113,225,329,312,333,320,327,391,416,177,204,177,286,333,334,246,272,378,320,378,284,313,345,320,340,284,333,207,298,189,296,320,320,149,333,292,378,284,305,302,202,249,320,378,320,345,236,204,391,204,308,391,333,378,324,378,284,320,333,283,321,345,167,204,333,304,149,324,177,236,345,378,282,345,391,177,207,204,378,378,391,277,284,268,416,346,204,345,333,345,319,345,177,134,333,320,246,284,345,333,320,378,211,313,391,284,285,391,391,225,277,416,320,346,213,177,416,378,391,391,391,333,259,308,301,290,320,268,345,284,245,391,177,202,378,304,333,204,259,
240,181,241,128,183,181,240,239,229,304,263,304,218,304,304,304,255,139,240,165,304,262,294,263,239,304,128,215,304,266,263,240,207,278,232,304,181,225,270,232,250,289,304,304,207,199,180,304,162,263,240,264,304,263,304,196,172,270,270,181,239,239,262,262,224,262,162,240,189,250,165,196,175,304,263,261,304,239,218,149,304,136,266,304,181,250,263,247,262,263,276,239,240,240,270,165,248,239,294,277,239,181,162,209,240,192,263,304,207,257,220,172,181,162,278,240,239,231,262,139,239,262,262,239,150,294,304,277,304,263,294,240,262,262,262,162,196,224,239,304,250,304,181,264,263,262,263,304,240,200,162,239,263,
266,70,256,289,179,326,283,319,320,319,348,311,320,320,320,336,215,326,277,334,241,304,279,261,320,256,309,341,220,279,218,304,218,170,320,234,126,347,170,333,258,320,320,304,298,287,320,213,299,289,170,320,309,320,259,282,218,149,204,261,261,311,261,315,340,224,304,293,218,198,296,186,320,328,340,320,261,134,270,320,240,279,320,249,333,289,330,296,279,258,261,218,234,347,198,170,275,278,353,261,265,202,154,326,170,279,320,149,129,220,282,189,245,167,256,261,320,245,215,293,241,241,261,270,278,327,353,320,279,296,218,241,282,241,256,269,315,309,320,113,320,220,170,279,266,279,320,319,162,274,261,279,
268,170,154,211,213,289,202,345,307,345,189,345,345,345,229,175,213,154,345,234,246,307,289,345,208,186,345,285,307,245,177,296,259,345,149,252,245,259,223,308,345,345,211,170,154,345,177,307,177,284,345,307,345,258,154,289,289,187,289,289,202,289,196,234,167,177,158,274,211,167,205,345,307,234,345,289,245,181,345,141,307,345,129,223,307,220,202,307,295,289,202,177,245,220,273,289,246,254,289,70,189,236,220,221,307,345,234,279,258,211,202,134,296,177,289,208,202,211,289,282,213,289,220,259,345,258,345,307,246,224,202,202,256,121,258,220,289,345,274,345,170,284,307,202,307,345,202,227,121,289,307,
257,290,180,327,284,320,320,320,349,312,320,320,320,337,216,327,278,335,241,305,279,261,320,257,310,342,220,280,218,305,218,170,321,236,128,348,170,334,258,320,320,305,299,288,320,214,300,290,170,320,310,320,261,283,218,147,205,261,261,312,261,316,341,225,305,294,218,199,297,187,320,329,341,320,261,136,271,320,241,279,320,251,334,290,331,297,279,258,261,218,236,348,199,170,276,278,354,261,266,203,154,327,171,279,320,152,128,220,283,191,246,165,257,261,321,246,216,294,241,241,261,271,278,328,354,320,279,297,218,241,283,241,257,270,316,310,320,107,320,221,170,279,268,279,320,320,164,275,261,279,
167,200,230,249,213,312,270,312,202,312,312,312,239,165,224,139,312,253,287,270,249,312,147,198,312,278,270,234,189,289,248,312,170,241,255,248,234,300,312,312,189,180,164,312,167,270,230,277,312,270,312,208,149,282,282,175,249,249,253,275,207,253,149,230,172,266,181,177,193,312,270,245,312,249,234,128,312,128,278,312,170,234,270,231,253,270,288,249,230,230,255,181,264,249,287,264,249,170,177,226,224,210,270,312,224,271,236,154,189,143,289,230,249,215,253,165,249,274,253,249,166,287,312,264,312,270,287,230,253,253,253,143,208,207,249,312,266,312,170,277,270,253,270,312,230,216,143,249,270,
243,218,261,167,320,279,320,149,320,320,320,196,211,177,130,320,266,278,279,261,320,167,144,320,308,279,274,134,319,284,320,189,279,213,284,189,329,320,326,170,124,75,320,213,279,218,306,320,279,333,220,113,311,311,221,261,261,241,305,158,241,202,218,92,296,227,113,237,320,279,201,320,261,274,141,320,183,308,320,173,218,279,185,241,279,317,261,234,218,241,227,295,261,278,222,283,154,224,268,179,253,279,320,266,301,275,170,234,177,319,218,261,169,241,211,261,304,245,261,179,284,320,222,320,289,278,256,241,241,282,167,220,179,261,320,296,320,205,306,279,241,299,320,218,259,134,273,279,
288,234,280,284,280,311,273,284,284,284,299,154,288,225,296,283,314,236,211,284,200,271,304,209,236,266,264,266,172,284,211,170,310,172,295,241,284,284,264,257,241,284,193,257,266,207,284,270,284,204,232,266,215,211,211,211,283,211,277,303,193,266,248,266,128,254,193,284,290,303,284,211,193,216,284,181,236,284,211,295,243,293,283,236,223,211,266,266,310,128,189,224,314,316,211,211,193,211,288,211,236,284,193,199,166,232,211,193,225,266,211,282,283,149,249,283,283,211,216,314,289,316,284,236,314,266,283,283,283,200,215,277,270,284,191,284,211,207,236,283,236,284,280,132,222,211,236,
329,196,378,345,378,196,378,378,378,240,264,196,218,378,304,187,345,329,378,263,196,378,343,345,311,218,354,321,378,245,316,196,321,196,364,378,378,266,218,218,378,266,345,177,342,378,345,378,300,218,347,347,273,329,329,134,341,240,134,256,149,211,333,277,218,284,378,345,177,378,329,311,240,378,240,345,378,230,113,345,177,167,345,352,329,282,245,149,277,332,329,224,266,329,214,274,305,272,294,345,378,304,337,313,266,282,234,354,224,329,263,234,266,329,340,289,329,272,321,378,300,378,345,187,296,274,189,319,224,300,272,329,378,333,378,259,342,345,213,345,378,113,299,202,329,345,
276,283,176,223,276,313,268,204,239,249,276,261,204,344,370,232,207,225,215,276,213,301,129,329,261,329,278,204,289,273,276,278,276,323,204,320,211,261,261,247,276,137,329,300,204,159,327,160,261,329,305,289,167,223,344,299,239,344,276,329,266,329,218,261,276,204,192,289,305,209,276,239,298,266,301,204,289,329,129,289,344,246,311,252,329,329,344,218,289,113,370,231,276,289,276,289,202,289,273,290,276,295,269,211,289,276,313,329,193,215,344,211,126,344,344,177,202,370,204,231,204,283,370,329,344,344,344,276,160,202,159,204,290,204,289,300,152,344,293,204,329,250,276,266,132,
333,294,333,113,347,333,333,162,254,113,185,333,296,262,294,276,333,213,124,333,336,294,304,134,347,314,333,234,309,167,314,134,357,333,354,193,145,169,333,256,294,196,335,333,294,361,241,177,340,340,264,276,276,220,334,162,220,245,196,159,326,269,149,276,333,294,149,340,276,304,196,333,229,336,333,219,196,294,130,220,294,345,293,274,234,220,269,325,276,262,193,312,203,266,298,202,287,309,333,296,330,305,193,274,224,347,213,276,189,224,254,276,333,282,276,202,314,333,241,333,319,262,289,266,220,311,213,241,202,276,333,326,333,248,335,294,220,328,333,196,291,189,303,294,
319,348,333,167,134,236,336,312,333,320,334,391,416,181,209,189,286,333,341,246,279,378,320,378,284,320,345,320,347,284,333,207,305,177,304,320,320,167,333,299,378,284,313,309,189,259,320,378,320,345,247,204,391,204,315,391,333,378,324,378,284,320,333,290,328,345,149,207,333,304,134,324,177,247,345,378,289,345,391,177,207,204,378,378,391,277,284,275,416,353,204,345,333,345,326,345,177,113,333,320,246,284,345,333,320,378,222,320,391,284,293,391,391,236,277,416,327,353,224,177,416,378,391,391,391,333,269,315,309,298,320,275,345,284,256,391,177,213,378,304,333,204,269,
177,294,347,304,233,263,270,294,279,177,359,384,279,259,274,240,294,177,336,181,345,279,347,314,177,307,309,294,314,294,357,177,354,236,279,279,289,294,143,345,335,177,126,361,209,279,345,340,307,222,273,359,334,263,359,294,345,284,345,269,279,294,177,126,307,340,261,304,263,333,284,336,222,307,345,167,307,359,289,346,293,345,345,359,269,325,187,384,236,313,307,294,307,227,307,309,326,297,330,305,236,307,294,347,345,247,240,359,254,158,359,359,233,227,384,177,187,245,319,384,345,359,359,359,294,198,227,129,177,326,187,307,335,213,359,328,256,345,292,294,303,198,
333,374,334,274,304,312,333,320,134,391,416,310,293,305,286,333,113,365,229,378,320,378,343,167,345,339,333,343,333,383,189,380,284,320,320,320,333,199,378,364,177,182,387,254,320,378,368,345,266,304,391,363,304,391,333,378,324,378,300,320,333,213,177,345,368,294,334,304,362,324,365,266,345,378,214,345,391,320,373,323,378,378,391,300,354,234,416,284,342,345,333,345,277,345,338,355,333,359,335,284,345,333,374,378,284,286,391,289,209,391,391,274,277,416,149,246,283,348,416,378,391,391,391,333,246,277,204,201,355,234,345,364,257,391,357,290,378,322,333,333,243,
340,333,333,162,243,134,174,333,289,262,294,276,333,202,81,333,329,294,296,125,340,306,333,224,301,177,306,149,350,333,347,193,131,153,333,245,294,196,328,333,294,354,241,167,333,333,253,276,276,220,327,162,220,234,196,141,319,259,134,269,333,294,167,333,276,296,183,333,218,329,333,208,196,294,143,220,294,338,285,266,224,220,259,318,276,262,193,305,191,256,290,202,280,301,333,289,323,298,193,266,213,340,202,276,189,220,243,276,326,274,276,202,306,333,241,333,311,262,282,256,220,304,202,241,202,276,333,319,333,238,328,294,220,321,333,196,284,177,295,294,
189,275,364,312,354,320,362,391,416,227,252,234,289,338,368,246,309,378,333,378,284,348,345,320,373,284,361,207,334,113,333,328,320,213,333,328,378,284,341,338,134,292,320,378,320,345,283,236,391,204,343,391,333,378,324,378,284,326,333,320,356,367,113,250,333,304,134,324,177,283,345,378,319,358,391,213,207,207,378,378,391,277,284,305,416,378,204,345,333,345,354,345,181,149,333,320,246,311,345,333,320,378,265,348,391,284,322,391,391,275,300,416,355,378,266,177,416,378,391,391,391,333,299,343,337,327,320,305,345,284,289,391,177,256,378,304,333,204,299,
215,322,312,333,320,320,391,416,177,204,167,286,333,327,246,263,378,320,378,284,305,345,320,333,284,333,207,290,202,289,320,320,134,333,284,378,284,298,294,213,246,320,378,320,345,225,204,391,204,304,391,333,378,324,378,284,320,333,275,314,345,177,204,333,304,167,324,177,225,345,378,274,345,391,177,207,204,378,378,391,277,284,257,416,339,204,345,333,345,311,345,177,149,333,320,246,284,345,333,320,378,204,305,391,284,278,391,391,215,277,416,313,339,202,177,416,378,391,391,391,333,249,300,294,283,320,257,345,284,234,391,177,189,378,304,333,204,249,
304,312,333,320,255,391,416,177,204,169,286,333,266,263,177,378,320,378,284,234,345,320,333,284,333,286,213,283,284,320,320,191,333,204,378,284,224,218,290,246,320,378,320,345,204,204,391,259,304,391,333,378,324,378,284,320,333,189,247,345,268,204,333,304,257,324,263,113,345,378,187,345,391,191,274,204,378,378,391,277,284,204,416,284,227,345,333,345,277,345,222,247,333,320,246,284,345,333,320,378,204,286,391,284,204,391,391,204,277,416,245,279,119,236,416,378,391,391,391,333,246,277,218,202,320,167,345,284,177,391,250,137,378,304,333,213,177,
277,162,215,304,315,294,298,280,304,239,163,304,354,263,322,172,364,332,304,261,327,162,332,162,373,304,370,172,179,198,308,278,263,240,353,304,263,376,236,207,357,357,284,248,291,262,351,149,262,270,240,189,343,288,183,295,304,263,181,357,281,322,223,350,255,354,304,246,240,263,181,262,307,363,311,293,261,262,288,342,239,294,139,330,230,285,317,150,306,327,343,315,347,323,207,293,250,364,240,271,138,262,277,239,350,300,259,223,332,304,196,304,336,294,308,285,262,329,239,225,150,239,304,343,304,273,353,263,262,345,304,240,310,218,321,263,
264,191,312,253,287,270,249,312,165,240,312,241,270,230,232,257,207,312,170,200,288,207,273,271,312,312,232,225,209,312,143,270,230,240,312,270,312,208,200,247,247,170,249,249,253,249,248,280,143,232,216,230,154,222,143,312,270,280,312,249,191,181,312,139,270,312,170,273,270,270,253,270,255,249,230,230,288,166,224,249,287,294,249,174,143,181,264,170,270,312,179,232,208,200,170,146,257,230,249,256,253,154,249,253,253,249,181,287,312,294,312,270,287,230,253,253,253,165,208,248,249,312,225,312,170,240,270,253,270,312,254,172,187,249,270,
198,333,304,262,294,276,333,224,138,333,343,294,311,149,354,321,333,245,316,149,321,113,364,333,361,193,163,179,333,266,294,196,342,333,294,367,241,189,347,347,273,276,280,220,341,162,220,256,196,172,333,277,167,284,333,294,134,347,276,311,207,340,240,343,333,230,196,294,121,220,296,352,300,282,245,220,277,332,276,262,193,320,214,274,305,202,294,316,333,304,337,313,193,282,234,354,224,276,189,234,264,276,340,289,276,207,321,333,241,333,326,262,296,274,220,319,224,241,202,276,333,333,333,259,342,294,220,335,333,196,299,202,310,294,
320,248,278,279,261,320,166,171,320,295,279,259,162,306,272,320,170,266,231,272,209,317,320,320,170,148,128,320,194,279,218,294,320,279,321,220,99,299,299,203,261,261,241,293,179,241,181,218,137,284,209,143,219,320,279,220,320,261,259,127,320,165,295,320,154,218,279,205,241,279,305,261,218,218,241,209,283,261,278,239,270,154,205,251,198,235,279,320,248,288,261,170,216,155,306,218,261,187,241,191,261,291,241,261,179,278,320,239,320,279,278,238,241,241,269,139,220,179,261,320,284,320,185,294,279,241,286,320,218,241,125,261,279,
391,416,295,278,290,286,333,113,351,207,378,320,378,329,134,345,325,333,329,333,371,167,368,284,320,320,305,333,177,378,350,149,177,374,246,320,378,355,345,245,289,391,349,304,391,333,378,324,378,285,320,333,189,177,345,355,279,333,304,348,324,351,245,345,378,191,345,391,305,361,309,378,378,391,285,340,213,416,284,328,345,333,345,277,345,324,341,333,345,321,284,345,333,362,378,269,286,391,284,204,391,391,255,277,416,113,246,268,334,416,378,391,391,391,333,246,277,204,177,341,213,345,350,236,391,343,275,378,308,333,319,222,
282,359,344,391,280,287,391,316,359,127,282,202,283,391,202,241,326,283,311,341,391,391,283,276,264,391,220,359,266,283,391,359,391,316,256,189,241,202,344,344,289,344,293,319,220,282,270,167,283,274,220,391,359,319,391,344,220,262,391,234,359,391,217,311,359,309,274,359,341,344,149,202,326,289,283,344,224,332,344,233,220,202,304,202,359,391,220,241,316,283,202,220,241,224,344,298,213,283,344,177,134,344,289,162,391,332,391,359,274,127,167,256,134,224,316,293,344,391,241,391,202,283,359,234,359,391,296,262,245,344,359,
384,370,416,312,262,416,345,384,289,278,333,314,416,246,294,262,314,262,368,416,416,314,278,278,416,262,384,187,321,416,384,416,345,278,326,326,246,370,370,162,370,294,177,262,187,273,311,314,278,262,416,384,246,416,370,289,294,416,273,384,416,246,187,384,246,162,384,368,370,256,213,189,320,314,370,189,314,370,246,262,283,320,272,384,416,282,316,345,314,256,262,333,189,370,312,202,314,370,319,266,370,320,299,416,345,416,384,113,274,245,162,296,262,345,320,370,416,311,416,246,321,384,177,384,416,187,294,262,370,384,
138,177,240,294,303,211,227,345,279,345,236,280,307,279,309,236,294,243,264,238,262,279,279,177,294,256,345,236,273,269,249,202,279,345,279,307,187,129,359,207,275,359,294,345,284,345,236,279,294,243,289,307,217,137,294,263,206,284,211,187,307,345,241,307,359,126,225,132,345,345,359,227,236,222,384,315,172,307,294,307,286,307,167,194,294,279,187,236,307,294,279,345,159,280,359,236,247,359,359,175,227,384,288,315,177,181,384,345,359,359,359,294,213,275,269,254,279,222,307,236,198,359,198,177,345,263,294,152,213,
204,215,276,285,236,202,329,261,329,211,261,289,261,291,211,277,268,240,263,238,261,261,204,276,231,329,234,250,245,272,174,261,329,261,289,159,128,344,232,254,344,276,329,266,329,211,261,276,218,272,289,241,71,276,239,231,266,236,204,289,329,217,289,344,161,250,169,329,329,344,202,218,196,370,298,199,289,276,289,269,289,193,220,276,261,187,211,289,276,261,329,120,261,344,211,222,344,344,141,202,370,270,298,204,209,370,329,344,344,344,276,185,254,245,229,261,204,289,234,171,344,223,204,329,239,276,182,185,
286,333,298,246,220,378,320,378,284,275,345,320,333,284,333,250,257,245,284,320,320,134,333,249,378,284,268,263,256,246,320,378,320,345,204,204,391,214,304,391,333,378,324,378,284,320,333,236,284,345,224,204,333,304,213,324,218,179,345,378,234,345,391,177,232,204,378,378,391,277,284,215,416,310,204,345,333,345,282,345,177,202,333,320,246,284,345,333,320,378,204,286,391,284,240,391,391,204,277,416,283,310,149,189,416,378,391,391,391,333,246,277,263,247,320,215,345,284,189,391,205,134,378,304,333,204,206,
198,286,278,240,263,189,289,248,286,208,241,255,248,234,300,286,296,189,180,166,286,189,240,263,277,286,240,304,170,166,282,282,208,215,215,280,275,207,280,189,263,174,266,181,177,193,286,240,245,286,215,234,128,286,174,278,286,208,263,240,231,280,240,288,218,263,263,280,181,264,215,312,264,246,208,189,226,224,210,241,286,224,271,236,149,208,189,289,263,215,215,280,165,215,280,280,215,128,312,286,264,286,255,312,263,280,280,280,189,170,207,215,286,266,286,208,277,240,280,269,286,263,216,189,232,240,
333,327,294,294,125,338,304,333,221,299,180,304,154,348,333,345,193,128,148,333,242,294,196,326,333,294,352,241,163,331,331,251,276,276,220,325,162,220,231,196,137,317,256,131,266,333,294,170,333,276,294,179,333,215,327,333,205,196,294,148,220,294,337,283,263,221,220,256,316,276,262,193,303,187,253,288,202,278,299,333,287,321,296,193,263,210,338,198,276,189,220,240,276,324,272,276,202,304,333,241,333,309,262,280,253,220,302,198,241,202,276,333,317,333,235,326,294,220,319,333,196,282,174,293,294,
358,218,378,320,378,336,149,345,332,333,336,333,377,177,374,284,320,320,313,333,187,378,357,167,177,380,246,320,378,362,345,255,296,391,356,304,391,333,378,324,378,293,320,333,201,177,345,362,286,333,304,355,324,358,255,345,378,203,345,391,312,367,316,378,378,391,293,347,223,416,284,335,345,333,345,277,345,331,348,333,352,328,284,345,333,368,378,276,286,391,284,204,391,391,266,277,416,134,246,275,341,416,378,391,391,391,333,246,277,204,189,348,223,345,357,246,391,350,283,378,315,333,326,232,
298,300,322,300,166,337,261,220,364,166,350,154,323,246,322,317,306,246,241,318,308,166,330,327,246,280,300,300,220,258,272,220,329,160,333,357,250,322,311,300,225,315,241,309,346,357,246,234,241,289,246,266,187,272,273,350,308,348,316,196,154,189,300,300,364,225,166,294,345,369,160,284,241,258,343,258,187,246,241,220,170,300,258,270,220,300,249,338,316,241,312,316,316,263,289,345,344,369,250,187,345,300,316,316,316,278,288,333,327,316,220,294,258,166,278,316,187,246,336,196,293,174,288,
345,279,345,274,182,307,279,294,274,294,320,177,316,236,279,279,241,294,143,345,297,177,167,324,187,279,345,302,307,158,218,359,295,263,359,294,345,284,345,236,279,294,177,198,307,302,203,294,263,294,284,298,177,307,345,126,307,359,241,308,247,345,345,359,227,285,129,384,236,273,307,294,307,227,307,269,287,294,291,265,236,307,294,309,345,187,240,359,236,132,359,359,172,227,384,195,236,185,279,384,345,359,359,359,294,187,227,167,177,287,177,307,297,143,359,289,198,345,263,294,261,126,
289,189,266,378,213,218,333,266,319,326,378,378,289,283,273,378,196,345,274,266,378,345,378,300,266,177,218,179,329,329,296,329,300,326,202,289,278,149,266,282,196,378,345,326,378,329,196,250,378,218,345,378,228,319,345,316,282,345,326,329,167,213,333,272,266,329,234,339,329,243,196,177,311,177,345,378,196,218,300,266,177,224,218,234,329,305,224,266,329,167,149,329,272,187,378,339,378,345,282,134,177,266,127,234,300,300,329,378,218,378,198,266,345,245,345,378,304,240,256,329,345,
333,299,320,213,294,189,299,167,343,320,340,170,102,137,320,234,279,218,321,320,279,347,220,149,326,326,243,261,261,241,320,128,241,224,218,128,311,248,113,258,320,279,177,326,261,289,172,320,207,322,320,197,218,279,162,241,279,331,278,256,218,241,248,310,261,278,200,298,178,245,283,179,272,294,320,282,316,290,170,256,202,333,218,261,166,241,232,261,319,266,261,179,299,320,220,320,304,278,274,245,241,296,189,220,179,261,320,311,320,227,321,279,241,314,320,218,277,167,288,279,
266,378,274,218,373,266,361,326,378,378,333,328,317,378,256,345,319,266,378,345,378,300,311,113,218,247,329,329,340,329,343,367,266,333,322,149,266,326,231,378,356,367,378,329,196,300,378,278,345,378,284,361,345,358,326,345,326,329,234,274,373,272,266,329,289,378,329,295,245,199,354,216,345,378,202,218,300,311,234,282,218,289,329,348,282,266,329,134,224,329,300,187,378,378,378,345,326,213,245,311,177,289,300,343,337,378,218,378,263,266,345,296,345,378,347,240,304,329,345,
315,227,170,342,70,328,208,300,284,299,293,283,284,205,294,284,149,308,304,284,252,277,266,170,211,240,211,306,211,310,335,216,299,288,266,189,291,193,285,324,335,284,211,193,264,284,232,236,284,242,328,284,326,291,236,208,211,266,266,342,189,128,270,314,348,211,258,194,211,321,211,236,284,193,170,166,277,211,238,174,266,215,315,283,207,288,283,283,229,264,314,322,348,284,236,314,266,283,283,283,248,263,310,304,293,170,284,213,149,249,283,236,284,314,149,269,211,263,
345,320,333,315,333,358,134,355,284,320,320,290,333,177,378,336,113,177,362,246,320,378,341,345,223,274,391,335,304,391,333,378,324,378,284,320,333,167,177,345,341,262,333,304,334,324,337,224,345,378,177,345,391,290,347,294,378,378,391,277,326,204,416,284,314,345,333,345,277,345,310,327,333,331,306,284,345,333,348,378,248,286,391,284,204,391,391,234,277,416,113,246,247,320,416,378,391,391,391,333,246,277,204,149,327,189,345,336,214,391,329,257,378,304,333,304,199,
220,274,227,255,287,345,345,213,205,187,345,134,307,189,259,345,307,345,258,177,266,266,146,289,289,224,289,229,266,121,213,196,245,211,202,170,345,307,266,345,289,213,181,345,140,307,345,127,255,307,252,202,307,287,289,177,177,274,220,243,289,246,280,289,147,149,204,245,186,307,345,202,251,258,211,167,121,274,177,289,236,202,211,289,256,202,289,220,246,345,280,345,307,246,189,202,202,224,134,258,229,289,345,245,345,126,259,307,202,307,345,234,194,167,289,307,
337,170,323,258,320,320,294,288,278,320,198,289,279,170,320,299,320,245,272,218,170,187,261,261,301,261,305,330,209,294,283,218,181,286,171,320,319,330,320,261,125,257,320,225,279,320,235,323,279,321,286,279,258,261,218,220,337,181,170,264,278,343,261,251,185,154,316,154,279,320,130,148,220,272,174,231,181,241,261,310,241,200,283,241,241,261,257,278,320,343,320,279,286,218,241,272,241,241,256,305,299,320,139,320,205,170,279,252,279,320,309,139,263,261,279,
342,134,382,333,379,193,198,215,333,289,294,213,363,333,294,386,252,223,367,367,295,276,303,220,362,172,220,281,196,207,354,299,201,306,333,294,121,367,293,333,240,361,270,364,333,262,196,294,139,220,319,372,322,304,274,220,299,353,276,262,193,341,246,296,327,202,317,337,354,326,358,334,223,304,266,373,255,283,189,266,288,276,361,311,276,240,342,333,241,333,347,262,319,296,223,340,255,241,202,276,333,354,333,284,363,294,245,356,333,196,321,234,331,294,
328,208,300,284,299,293,283,284,205,294,284,149,308,304,284,252,277,266,170,211,240,211,306,211,310,335,216,299,288,266,189,291,193,285,324,335,284,211,193,264,284,232,236,284,242,328,284,326,291,236,208,211,266,266,342,189,128,270,314,348,211,258,194,211,321,211,236,284,193,170,166,277,211,238,174,266,215,315,283,207,288,283,283,229,264,314,322,348,284,236,314,266,283,283,283,248,263,310,304,293,170,284,213,149,249,283,236,284,314,149,269,211,263,
370,333,367,193,174,192,333,274,294,196,349,333,294,373,241,201,354,354,280,276,288,220,348,162,220,266,196,183,340,284,177,291,333,294,121,354,278,319,218,347,250,350,333,241,196,294,121,220,304,359,307,289,255,220,284,339,276,262,193,327,225,281,313,202,302,323,340,311,344,320,201,289,245,361,234,276,189,245,273,276,347,296,276,218,328,333,241,333,333,262,304,281,220,326,234,241,202,276,333,340,333,269,349,294,223,342,333,196,306,213,317,294,
344,207,343,338,328,229,274,339,329,208,351,348,207,303,322,326,258,287,294,252,350,155,354,376,278,343,333,326,257,336,274,330,366,376,207,266,274,311,207,289,149,294,296,370,329,368,341,229,130,224,326,326,382,257,208,316,368,388,194,307,274,287,364,287,200,207,274,258,205,322,287,293,258,326,277,359,341,271,333,341,341,286,311,368,365,388,278,183,368,326,341,341,341,300,310,354,348,337,258,316,287,208,300,341,169,270,357,236,315,209,310,
341,284,320,320,275,333,177,378,322,113,177,348,246,320,378,327,345,204,255,391,321,304,391,333,378,324,378,284,320,333,134,177,345,327,241,333,304,320,324,323,202,345,378,177,345,391,275,333,279,378,378,391,277,311,204,416,284,299,345,333,345,277,345,295,313,333,320,291,284,345,333,334,378,227,286,391,284,204,391,391,213,277,416,149,246,225,305,416,378,391,391,391,333,246,277,204,113,320,167,345,322,191,391,315,236,378,304,333,289,177,
340,335,324,224,333,335,378,284,348,345,113,299,320,378,320,345,290,247,391,204,350,391,333,378,329,378,284,333,333,327,363,373,134,261,333,308,149,324,177,290,345,378,326,365,391,224,207,218,378,378,391,277,284,313,416,385,204,345,333,345,361,345,194,167,333,320,246,319,345,333,320,378,273,355,391,284,329,391,391,283,308,416,362,385,274,177,416,378,391,391,391,333,307,350,344,334,320,313,345,284,297,391,177,266,378,304,333,204,307,
170,170,284,234,236,266,321,284,236,347,185,170,326,326,243,211,254,283,320,132,283,224,266,177,311,248,170,258,284,236,211,326,239,289,172,319,207,322,284,211,266,236,211,283,274,331,278,266,266,283,248,310,211,314,200,298,211,245,283,149,272,294,311,282,316,290,149,256,202,333,266,225,137,283,232,211,319,283,211,172,314,284,200,284,304,314,274,283,283,296,193,174,128,211,284,311,284,227,321,236,283,314,284,266,277,193,288,236,
127,320,226,279,218,316,320,279,342,220,138,321,321,235,261,261,241,314,137,241,216,218,103,306,241,81,251,320,279,186,321,261,283,163,320,199,317,320,187,218,279,171,241,279,326,272,248,218,241,241,305,261,278,208,292,171,237,278,179,266,288,320,276,310,285,170,248,193,328,218,261,166,241,225,261,313,258,261,179,293,320,220,320,298,278,269,241,241,291,180,220,179,261,320,306,320,219,316,279,241,308,320,218,271,154,282,279,
320,211,279,218,305,320,279,331,220,104,310,310,219,261,261,241,304,162,241,199,218,100,295,225,121,235,320,279,204,320,261,273,138,320,180,306,320,171,218,279,187,241,279,316,261,232,218,241,225,294,261,278,224,281,154,221,266,179,251,279,320,264,299,274,170,232,175,317,218,261,171,241,209,261,302,243,261,179,283,320,224,320,287,278,253,241,241,280,164,220,179,261,320,295,320,203,305,279,241,297,320,218,257,132,271,279,
333,269,378,284,283,279,234,246,320,378,320,345,204,204,391,204,304,391,333,378,324,378,284,320,333,257,299,345,202,204,333,304,189,324,196,203,345,378,256,345,391,177,211,204,378,378,391,277,284,236,416,325,204,345,333,345,296,345,177,177,333,320,246,284,345,333,320,378,204,290,391,284,261,391,391,204,277,416,298,325,177,177,416,378,391,391,391,333,246,285,279,268,320,236,345,284,213,391,180,167,378,304,333,204,227,
294,213,238,333,294,333,241,202,245,245,121,276,276,245,276,250,281,113,234,218,224,193,224,138,333,294,281,333,276,189,183,333,141,294,333,157,274,294,272,224,294,274,276,196,196,289,202,222,276,262,295,276,176,113,179,266,163,294,333,177,230,241,202,134,149,256,196,276,258,220,193,276,234,220,276,202,262,333,295,333,294,262,196,220,220,220,167,241,250,276,333,224,333,121,238,294,220,294,333,256,170,189,276,294,
345,316,177,126,342,187,279,345,321,307,191,247,359,315,263,359,294,345,284,345,241,279,294,177,167,307,321,232,294,263,314,284,318,192,307,345,126,307,359,269,327,273,345,345,359,241,305,153,384,236,293,307,294,307,227,307,289,307,294,311,285,236,307,294,328,345,218,240,359,236,129,359,359,204,227,384,177,207,217,299,384,345,359,359,359,294,187,227,129,177,307,177,307,316,181,359,309,227,345,272,294,283,167,
306,378,345,378,300,218,311,311,221,329,329,149,329,240,201,202,134,211,296,266,218,237,378,345,201,378,329,274,240,378,211,345,378,177,189,345,185,127,345,326,329,234,189,213,272,295,329,187,266,329,177,224,268,272,253,345,378,266,301,300,266,234,196,319,167,329,263,177,266,329,304,245,329,272,284,378,300,378,345,187,256,224,127,282,196,300,272,329,378,296,378,205,306,345,149,345,378,167,259,196,329,345,
329,326,284,279,299,266,170,229,270,218,328,211,332,356,248,321,310,266,224,314,214,308,345,356,284,233,193,288,284,264,236,284,272,349,307,347,314,236,208,211,266,266,363,224,128,293,314,368,211,283,227,211,342,211,236,284,193,170,169,299,216,269,170,277,247,336,283,240,310,283,283,261,288,314,343,368,284,236,314,266,283,299,283,277,287,332,326,315,170,293,245,70,277,284,236,284,335,189,291,211,287,
177,355,246,320,378,334,345,213,266,391,328,304,391,333,378,324,378,284,320,333,149,177,345,334,252,333,304,327,324,330,213,345,378,177,345,391,283,340,286,378,378,391,277,319,204,416,284,306,345,333,345,277,345,303,320,333,324,299,284,345,333,341,378,238,286,391,284,204,391,391,224,277,416,134,246,236,312,416,378,391,391,391,333,246,277,204,134,320,177,345,329,203,391,322,247,378,304,333,296,187,
352,194,279,345,331,307,207,261,359,325,263,359,294,345,284,345,256,279,294,177,143,307,331,247,294,263,324,284,327,207,307,345,143,307,359,279,336,283,345,345,359,256,315,172,384,236,303,307,294,307,227,307,299,316,294,321,295,236,307,294,338,345,232,240,359,240,137,359,359,218,227,384,177,191,231,309,384,345,359,359,359,294,187,227,129,177,316,177,307,326,198,359,319,241,345,282,294,293,181,
307,326,378,320,345,298,258,391,204,357,391,333,378,336,378,284,340,333,334,369,379,149,270,333,315,167,324,177,298,345,378,333,371,391,234,207,229,378,378,391,277,284,320,416,391,204,345,333,345,367,345,206,177,333,320,246,326,345,333,320,378,280,362,391,284,336,391,391,290,315,416,368,391,282,189,416,378,391,391,391,333,314,357,351,341,320,320,345,284,304,391,177,274,378,304,333,215,314,
220,300,284,258,160,191,316,278,203,316,241,300,227,300,185,220,241,246,224,258,284,175,241,196,277,227,280,246,258,300,187,258,316,216,290,222,300,300,316,185,268,160,345,261,250,258,241,258,220,258,245,269,241,274,240,166,258,241,292,300,160,211,316,169,169,316,316,160,154,345,246,261,246,259,345,300,316,316,316,241,113,203,193,246,269,246,258,279,187,316,272,246,300,220,241,236,187,
304,304,211,261,261,241,298,172,241,189,218,128,289,216,134,226,320,279,213,320,261,266,128,320,172,300,320,160,218,279,198,241,279,310,261,224,218,241,216,288,261,278,232,275,154,213,258,189,242,279,320,256,293,268,170,224,167,311,218,261,179,241,200,261,296,241,261,179,278,320,232,320,281,278,245,241,241,274,149,220,179,261,320,289,320,194,299,279,241,291,320,218,248,125,264,279,
218,236,329,329,333,329,336,361,256,326,315,134,266,319,221,378,349,361,378,329,196,293,378,270,345,378,277,354,345,351,319,345,326,329,224,266,367,272,266,329,282,372,329,288,234,187,347,205,345,378,196,218,300,304,224,274,218,282,329,341,274,266,329,127,213,329,293,187,378,372,378,345,319,202,234,304,167,282,300,336,330,378,218,378,252,266,345,289,345,378,340,240,296,329,345,
236,275,261,333,261,336,361,256,326,315,218,231,319,221,320,349,361,320,261,177,293,320,270,279,320,277,354,312,351,319,279,258,261,224,266,367,231,170,298,282,372,261,288,234,187,347,205,279,320,189,127,220,304,224,274,113,282,261,341,274,247,315,241,241,268,293,278,348,372,320,279,319,218,241,304,241,282,292,336,330,320,134,320,252,170,282,289,279,320,340,198,296,261,292,
289,289,253,289,259,287,132,243,227,215,211,232,128,345,307,287,345,289,179,193,345,155,307,345,169,280,307,278,232,307,287,289,177,177,295,220,213,289,246,301,289,185,121,171,273,148,307,345,169,221,258,211,121,164,247,177,289,266,202,211,289,226,202,289,220,246,345,301,345,307,246,177,202,211,202,175,258,259,289,345,215,345,128,229,307,202,307,345,264,181,199,289,307,
177,344,269,239,344,276,329,266,329,211,261,276,204,236,289,275,162,276,239,268,266,272,204,289,329,175,289,344,203,282,209,329,329,344,202,256,149,370,271,238,289,276,289,232,289,232,257,276,264,227,211,289,276,283,329,139,224,344,211,181,344,344,113,202,370,234,271,204,247,370,329,344,344,344,276,160,216,207,204,261,204,289,270,129,344,261,204,329,239,276,224,137,
344,216,269,344,276,329,266,329,211,261,276,234,283,295,225,126,276,239,215,266,220,204,289,329,232,289,344,137,234,143,329,329,344,202,211,213,370,309,181,289,276,289,280,289,175,204,276,261,171,222,289,276,261,329,143,274,344,211,238,344,344,167,205,370,281,309,204,191,370,329,344,344,344,276,203,269,261,245,261,213,289,218,187,344,207,204,329,239,276,167,203,
344,262,167,234,127,234,319,283,241,269,391,359,202,391,344,296,262,391,234,359,391,208,149,359,202,134,359,341,344,266,224,177,289,318,344,202,283,344,202,256,290,289,280,359,391,289,323,316,283,266,220,340,202,344,280,213,283,344,326,274,344,289,306,391,316,391,359,162,282,256,167,304,220,316,289,344,391,319,391,238,328,359,189,359,391,127,284,220,344,359,
330,355,276,329,309,329,222,312,276,306,343,355,204,231,276,286,204,266,129,269,289,348,305,345,344,191,130,185,329,329,362,222,211,291,370,367,149,289,276,289,341,289,158,204,276,261,167,298,289,276,261,329,245,335,344,238,309,344,344,259,286,370,342,367,246,137,370,329,344,344,344,276,285,330,324,314,261,291,289,211,275,344,129,236,334,239,290,170,285,
262,240,240,149,322,264,141,272,304,263,181,336,255,300,189,329,224,333,304,214,240,263,181,262,285,342,289,270,240,262,264,321,239,294,181,309,197,261,294,150,283,305,322,293,326,301,172,270,218,343,240,241,128,262,248,239,329,278,239,189,310,304,196,304,315,294,285,262,262,308,207,196,150,239,304,322,304,243,332,263,262,324,304,240,288,183,299,263,
274,177,234,347,291,241,298,391,359,202,391,344,326,262,391,261,359,391,251,127,359,202,189,359,366,344,296,266,113,291,346,344,245,283,344,236,289,320,289,309,359,391,319,351,327,283,296,255,367,245,344,280,255,283,344,354,304,344,289,335,391,316,391,359,189,311,289,213,333,245,316,289,344,391,347,391,277,356,359,234,359,391,149,314,223,344,359,
224,207,234,193,213,154,333,294,274,333,276,202,172,333,128,294,333,140,266,294,263,220,294,274,276,196,196,281,202,232,276,262,288,276,165,134,192,256,174,294,333,189,241,241,193,149,134,266,196,276,247,220,193,276,245,220,276,202,262,333,288,333,294,262,196,220,220,220,149,241,240,276,333,234,333,121,248,294,220,294,333,245,181,177,276,294,
211,311,266,218,258,378,345,177,378,329,289,240,378,211,345,378,197,167,345,177,127,345,331,329,256,213,189,272,310,329,189,266,329,178,245,283,272,272,345,378,282,316,300,266,256,202,333,189,329,263,202,266,329,319,266,329,272,299,378,300,378,345,187,274,245,149,296,196,300,272,329,378,311,378,227,321,345,177,345,378,134,277,196,329,345,
300,232,92,242,324,284,196,324,266,278,149,324,189,311,324,178,211,284,179,234,284,321,266,240,211,234,232,299,266,273,216,286,161,229,272,187,258,284,324,270,305,279,177,240,183,322,211,266,174,234,216,266,308,250,266,187,288,324,227,324,293,273,261,234,234,285,172,227,187,266,324,300,324,211,310,284,234,303,324,211,264,141,276,284,
266,304,198,378,345,347,378,329,196,278,378,250,345,378,260,340,345,337,304,345,326,329,202,245,354,272,266,329,266,360,329,273,213,177,333,180,345,378,196,218,300,289,202,256,218,266,329,327,256,266,329,127,189,329,278,187,378,360,378,345,304,177,213,289,134,266,300,322,329,378,218,378,231,266,345,274,345,378,326,240,282,329,345,
238,193,284,279,291,284,211,193,200,284,177,236,284,211,284,236,282,283,236,239,211,266,266,299,99,207,211,314,305,211,211,193,211,277,211,236,284,193,216,175,216,211,193,241,266,211,271,283,128,233,283,283,211,200,314,284,305,284,236,314,266,283,283,283,193,198,264,256,284,209,284,211,224,236,283,236,284,269,149,205,211,236,
248,320,279,189,320,261,282,159,320,196,315,320,184,218,279,174,241,279,324,270,245,218,241,238,303,261,278,211,290,168,234,276,179,263,286,320,274,308,283,170,245,189,326,218,261,166,241,222,261,311,256,261,179,291,320,220,320,296,278,266,241,241,289,177,220,179,261,320,304,320,216,314,279,241,306,320,218,269,149,280,279,
333,294,298,333,276,163,210,333,175,294,333,185,291,294,288,248,294,274,276,196,196,306,202,197,276,262,312,276,203,124,148,284,128,294,333,144,205,241,226,121,180,231,196,276,278,220,193,276,220,220,276,210,262,333,312,333,294,262,196,220,226,220,193,241,272,276,333,198,333,148,214,294,220,294,333,276,162,216,276,294,
179,345,313,220,333,304,305,324,309,177,345,378,177,345,391,257,319,262,378,378,391,277,296,204,416,284,284,345,333,345,277,345,280,298,333,320,277,284,345,333,320,378,205,286,391,284,204,391,391,204,277,416,177,246,203,290,416,378,391,391,391,333,246,277,204,113,320,134,345,308,177,391,300,215,378,304,333,274,177,
307,349,273,314,263,342,284,346,236,307,345,181,307,359,299,355,303,345,345,359,279,334,204,384,236,322,307,294,308,227,307,319,335,307,339,315,236,307,294,356,345,261,240,359,268,175,359,359,247,227,384,177,187,259,328,384,345,359,359,359,294,213,227,144,177,335,204,307,345,227,359,337,269,345,302,294,313,213,
361,289,326,229,354,261,357,345,251,177,307,126,202,311,366,315,296,266,202,291,346,289,246,211,334,236,289,320,220,309,330,347,319,351,327,213,296,255,367,245,289,208,255,280,289,354,304,289,229,335,345,258,345,340,246,311,289,213,333,245,258,220,289,345,347,345,277,356,307,234,349,345,177,314,223,324,307,
240,333,304,113,324,177,275,345,378,312,351,391,202,207,204,378,378,391,277,284,298,416,372,204,345,333,345,347,345,177,134,333,320,246,304,345,333,320,378,254,341,391,284,315,391,391,268,293,416,348,372,256,177,416,378,391,391,391,333,292,336,330,320,320,298,345,284,282,391,177,245,378,304,333,204,292,
276,239,229,266,234,204,289,329,218,289,344,159,248,167,329,329,344,202,217,197,370,299,198,289,276,289,270,289,191,218,276,261,185,211,289,276,261,329,126,263,344,211,224,344,344,143,202,370,271,299,204,207,370,329,344,344,344,276,187,255,246,230,261,204,289,233,172,344,222,204,329,239,276,181,187,
250,333,218,294,333,228,319,294,316,282,294,274,276,196,213,333,202,193,276,262,339,276,243,177,121,311,138,294,333,113,160,241,266,167,224,189,234,276,305,224,193,278,220,220,276,250,262,333,339,333,294,282,196,220,266,220,234,249,300,294,333,149,333,198,193,294,245,294,333,304,162,256,276,294,
304,149,289,304,181,240,263,215,262,263,299,239,240,240,262,200,277,239,294,248,262,181,196,242,207,226,263,304,240,282,252,132,207,162,300,240,239,198,262,181,239,285,262,239,150,294,304,248,304,270,294,240,262,262,262,162,196,189,239,304,278,304,181,288,263,262,280,304,240,232,162,248,263,
324,177,268,345,378,304,345,391,189,207,204,378,378,391,277,284,290,416,366,204,345,333,345,340,345,177,113,333,320,246,296,345,333,320,378,243,334,391,284,308,391,391,257,285,416,341,366,245,177,416,378,391,391,391,333,284,329,323,313,320,290,345,284,274,391,177,234,378,304,333,204,284,
284,324,140,250,284,247,234,284,276,266,211,211,270,187,248,266,273,277,266,140,158,209,240,192,284,324,207,257,227,177,172,118,278,211,266,231,234,177,266,261,234,266,187,273,324,277,324,284,273,211,234,234,234,128,227,224,266,324,250,324,140,264,284,234,284,324,229,200,159,266,284,
272,307,350,308,348,359,196,133,189,345,345,364,227,236,294,384,369,156,307,294,307,343,307,165,177,294,279,187,300,307,294,279,345,249,338,359,241,312,359,359,263,289,384,344,369,250,141,384,345,359,359,359,294,288,333,327,316,279,294,307,236,278,359,120,240,345,263,294,174,288,
345,378,177,345,391,203,281,209,378,378,391,277,284,204,416,284,238,345,333,345,277,345,232,257,333,320,246,284,345,333,320,378,204,286,391,284,204,391,391,204,277,416,234,272,137,246,416,378,391,391,391,333,246,277,207,189,320,149,345,284,177,391,261,152,378,304,333,223,177,
241,307,237,202,307,287,289,181,177,262,220,258,289,246,270,289,128,171,219,230,203,307,345,217,266,258,211,181,121,284,177,289,221,202,211,289,270,202,289,220,246,345,270,345,307,246,206,202,202,238,121,258,220,289,345,260,345,144,272,307,202,307,345,219,210,142,289,307,
345,177,177,345,359,329,289,255,134,284,339,329,234,266,329,225,281,313,272,302,345,378,311,344,320,266,289,245,361,234,329,263,245,273,329,347,296,329,272,328,378,300,378,345,187,304,281,201,326,234,300,272,329,378,340,378,269,349,345,223,345,378,134,306,213,329,345,
307,359,256,318,261,345,345,359,227,295,133,384,236,283,307,294,307,227,307,279,297,294,301,275,236,307,294,319,345,203,240,359,236,129,359,359,187,227,384,178,221,202,289,384,345,359,359,359,294,187,227,143,177,297,177,307,307,167,359,299,213,345,263,294,273,143,
202,307,357,305,286,252,202,282,336,289,246,211,324,221,279,310,220,299,321,345,309,342,318,211,286,241,358,231,289,208,241,270,289,344,294,289,220,326,345,258,345,330,246,301,279,202,323,231,258,220,289,345,337,345,266,347,307,220,340,345,177,304,209,315,307,
359,341,344,245,202,201,289,303,344,177,283,344,202,234,276,289,263,359,391,274,308,316,283,245,220,326,177,344,280,189,283,344,311,256,344,289,291,391,316,391,359,162,266,234,134,289,220,316,289,344,391,304,391,216,314,359,167,359,391,149,269,220,344,359,
211,129,345,345,359,227,236,236,384,324,152,307,294,307,296,307,143,177,294,279,187,245,307,294,279,345,175,290,359,236,261,359,359,191,229,384,298,324,177,167,384,345,359,359,359,294,227,285,279,268,279,236,307,236,213,359,181,177,345,263,294,132,227,
205,326,326,372,239,208,304,368,377,174,294,274,287,352,287,179,207,274,258,185,310,287,280,258,326,263,347,341,255,321,341,341,274,299,368,354,377,264,165,368,326,341,341,341,288,298,342,336,326,258,304,287,208,288,341,141,254,345,236,303,189,298,
329,329,344,202,211,241,370,328,143,289,276,289,300,289,137,204,276,261,160,250,289,276,261,329,181,294,344,211,266,344,344,197,234,370,301,328,204,159,370,329,344,344,344,276,232,289,283,271,261,241,289,211,218,344,175,204,329,239,276,126,232,
167,304,272,266,329,189,310,329,200,196,177,282,177,345,378,196,218,300,266,177,196,234,189,329,276,177,266,329,213,127,329,272,187,378,310,378,345,245,134,127,224,177,196,300,272,329,378,218,378,177,266,345,202,345,378,274,240,213,329,345,
274,272,266,329,187,280,329,177,196,204,272,186,345,378,202,251,300,266,177,196,274,134,329,263,127,266,329,256,177,329,272,227,378,300,378,345,202,189,149,177,224,196,300,272,329,378,245,378,177,266,345,149,345,378,234,240,196,329,345,
299,353,344,255,283,344,246,296,327,289,317,359,391,326,358,334,283,304,266,373,255,344,280,266,288,344,361,311,344,289,342,391,316,391,359,201,319,296,223,340,255,316,289,344,391,354,391,284,363,359,245,359,391,167,321,234,344,359,
207,207,320,305,202,220,202,220,277,220,227,277,202,216,175,216,220,202,241,272,202,271,289,128,233,289,289,202,200,320,278,305,277,227,320,272,289,289,289,202,198,264,256,277,209,277,220,224,227,289,227,277,272,150,205,202,227,
282,314,358,211,272,211,211,332,211,236,284,193,170,166,288,211,254,170,266,231,326,283,224,299,283,283,245,277,314,333,358,284,236,314,266,283,288,283,264,275,321,315,304,170,284,229,128,265,283,236,284,325,172,280,211,275,
370,241,269,289,276,289,202,289,264,283,276,287,259,211,289,276,305,329,180,215,344,211,139,344,344,167,202,370,204,241,204,275,370,329,344,344,344,276,160,202,172,204,283,204,289,293,136,344,285,204,329,240,276,255,129,
314,370,246,262,246,320,246,384,416,262,278,345,314,246,262,289,187,370,312,162,314,370,274,202,370,320,248,416,345,416,384,177,213,177,162,245,262,345,320,370,416,278,416,246,314,384,162,384,416,213,294,262,370,384,
347,255,303,333,165,323,343,360,332,364,340,232,310,273,378,266,289,173,283,294,216,366,318,279,248,348,284,166,288,352,314,325,303,283,346,264,250,181,211,284,360,284,290,368,264,283,362,295,266,327,243,337,250,
289,276,289,320,289,129,204,276,261,160,275,289,276,261,329,213,314,344,211,286,344,344,227,262,370,321,347,214,129,370,329,344,344,344,276,261,309,303,291,261,269,289,211,247,344,137,204,329,239,276,126,261,
187,235,220,219,307,345,233,278,258,211,200,133,295,177,289,208,202,211,289,281,211,289,220,258,345,258,345,307,246,222,202,202,254,121,258,220,289,345,273,345,169,283,307,202,307,345,203,226,121,289,307,
169,274,145,294,333,167,219,241,213,121,167,245,196,276,268,220,193,276,224,220,276,202,262,333,303,333,294,262,196,220,220,220,177,241,261,276,333,213,333,130,227,294,220,294,333,266,162,202,276,294,
305,127,307,345,121,171,258,258,153,215,199,226,289,299,215,211,289,202,202,289,242,246,345,333,345,307,276,177,202,258,202,226,258,294,289,345,164,345,187,211,307,236,307,345,298,181,247,289,307,
294,316,333,304,337,313,189,282,234,354,272,257,112,289,264,202,340,289,243,207,321,277,165,277,326,320,296,289,289,319,224,209,128,202,277,333,277,259,342,227,289,335,277,272,299,202,310,227,
307,345,124,187,258,242,131,198,216,210,289,288,202,211,289,202,202,289,226,246,345,323,345,307,263,177,202,242,202,210,258,283,289,345,180,345,171,211,307,221,307,345,287,181,231,289,307,
177,294,279,187,271,307,294,279,345,207,310,359,236,283,359,359,222,257,384,317,343,209,126,384,345,359,359,359,294,256,305,299,288,279,264,307,236,241,359,143,197,345,263,294,129,256,
333,320,246,289,345,333,320,378,233,327,391,284,300,391,391,247,278,416,334,360,234,177,416,378,391,391,391,333,277,322,316,305,320,283,345,284,266,391,177,224,378,304,333,204,277,
173,241,256,149,213,202,224,276,298,220,193,276,220,220,276,240,262,333,332,333,294,274,196,220,256,220,224,241,293,286,333,167,333,185,193,294,234,294,333,296,162,245,276,294,
220,293,208,262,140,271,261,331,262,232,305,241,241,261,282,278,338,364,320,279,308,218,241,293,241,271,281,326,321,320,96,320,237,170,279,279,279,320,330,180,286,261,281,
268,258,241,220,300,202,307,316,194,279,316,316,216,252,345,314,340,246,187,345,300,316,316,316,241,250,301,295,284,220,259,258,169,236,316,187,246,305,196,257,160,250,
224,193,311,266,211,179,283,200,211,296,283,211,128,314,284,232,284,281,314,266,283,283,283,193,166,172,211,284,289,284,211,299,236,283,291,284,266,248,193,264,236,
177,234,189,289,276,202,211,289,213,202,289,220,246,345,310,345,307,246,177,202,224,202,189,258,270,289,345,202,345,143,216,307,202,307,345,274,181,213,289,307,
282,196,276,226,220,193,276,266,220,276,202,262,333,273,333,294,262,202,220,220,234,113,241,218,276,333,256,333,139,269,294,220,294,333,224,205,149,276,294,
289,265,348,282,257,322,241,241,275,300,278,355,378,320,279,326,218,245,311,241,289,299,343,337,327,149,320,263,170,289,296,279,320,347,209,304,261,299,
329,263,127,266,329,274,202,329,272,248,378,300,378,345,187,213,177,149,245,196,300,272,329,378,266,378,177,277,345,127,345,378,213,240,196,329,345,
249,344,211,209,344,344,126,202,370,259,289,204,222,370,329,344,344,344,276,172,241,232,216,261,204,289,247,152,344,236,204,329,239,276,198,172,
280,256,215,334,283,235,198,315,286,173,286,320,312,290,280,280,313,215,200,112,215,286,327,286,251,336,240,280,329,286,263,293,192,304,240,
283,344,266,189,344,289,238,391,316,391,359,189,202,167,167,234,220,316,289,344,391,256,391,202,283,359,134,359,391,224,262,220,344,359,
217,283,283,211,181,314,284,294,284,236,314,266,283,283,283,193,179,248,240,284,225,284,211,240,236,283,236,284,266,172,193,211,236,
344,344,194,202,370,204,216,207,293,370,329,344,344,344,276,160,202,136,204,300,204,289,310,172,344,303,218,329,265,276,277,152,
202,344,289,162,391,366,391,359,311,189,224,296,149,274,316,329,344,391,241,391,241,283,359,282,359,391,333,262,289,344,359,
344,289,170,391,318,391,359,256,127,134,234,167,220,316,289,344,391,241,391,202,283,359,213,359,391,282,262,224,344,359,
202,370,245,279,204,236,370,329,344,344,344,276,160,227,218,204,261,204,289,261,132,344,250,204,329,239,276,213,153,
320,277,248,277,270,320,272,289,289,289,202,154,189,202,277,278,277,220,288,227,289,280,277,272,232,202,248,227,
416,348,416,384,291,187,194,277,162,262,345,320,370,416,278,416,246,314,384,259,384,416,314,294,269,370,384,
246,257,327,416,378,391,391,391,333,246,277,204,167,334,202,345,343,225,391,336,268,378,304,333,311,211,
288,352,345,325,316,316,346,264,250,181,191,246,360,246,290,368,264,316,362,295,300,327,243,337,250,
223,416,378,391,391,391,333,246,277,231,215,320,179,345,284,177,391,238,113,378,304,333,204,177,
384,345,359,359,359,294,269,315,309,298,279,275,307,236,256,359,126,213,345,263,294,137,269,
266,234,162,289,262,345,320,370,416,304,416,246,314,384,167,384,416,187,294,262,370,384,
149,245,149,213,300,285,329,378,218,378,177,266,345,224,345,378,289,240,234,329,345,
213,189,220,316,289,344,391,241,391,202,283,359,189,359,391,266,262,220,344,359,
274,220,316,289,344,391,289,391,202,299,359,134,359,391,177,262,220,344,359,
245,316,308,344,391,241,391,209,283,359,256,359,391,311,262,266,344,359,
241,207,276,333,266,333,155,277,294,220,294,333,213,216,134,276,294,
191,180,246,277,246,258,287,187,316,279,246,300,231,241,247,187,
202,277,322,277,243,332,227,289,324,277,272,288,202,299,227,
204,316,204,289,326,197,344,319,241,329,282,276,293,180,
320,149,345,315,178,391,308,225,378,304,333,281,177,
320,231,170,279,274,279,320,326,174,282,261,279,
345,293,177,391,285,191,378,304,333,255,177,
245,307,202,307,345,248,181,181,289,307,
277,284,236,284,335,189,291,211,287,
359,269,177,345,263,294,232,126,
359,391,202,262,220,344,359,
227,345,263,294,159,279,
378,304,333,204,181,
291,196,329,345,
238,239,263,
276,294,
247