NAME = AISearchfile026,
SIZE = 26,
109,78,78,116,91,135,196,26,169,65,54,100,71,84,81,158,58,64,84,116,71,87,61,72,51,
188,136,141,188,139,127,93,125,64,155,111,116,100,148,179,132,202,122,157,197,194,65,80,181,
156,61,181,98,257,44,74,92,159,133,117,142,63,230,141,152,110,173,155,125,87,68,128,
55,135,82,223,15,91,24,152,36,81,67,34,198,76,127,74,156,156,128,31,32,103,
85,54,157,9,151,11,43,103,76,77,139,102,82,74,70,94,93,100,49,64,79,
91,280,22,80,54,175,153,156,146,89,222,119,172,103,180,124,165,112,106,148,
205,37,93,34,66,64,62,89,65,163,95,68,114,93,62,77,63,55,51,
51,154,102,250,178,210,190,186,220,189,272,212,268,241,278,128,186,197,
39,83,73,18,23,11,11,50,20,33,22,26,68,13,40,42,9,
35,37,95,63,92,91,144,88,75,44,113,93,87,46,59,81,
62,36,34,11,42,77,39,34,59,90,63,29,93,53,107,
102,127,86,42,206,93,112,100,181,148,139,53,56,121,
68,99,88,140,98,88,98,111,96,78,56,92,130,
95,40,172,31,117,66,148,130,135,27,20,99,
83,160,89,124,54,122,122,98,26,47,107,
107,90,87,62,53,68,109,62,133,37,
129,228,140,185,223,193,136,135,161,
70,110,92,86,74,75,71,130,
62,147,160,185,26,96,160,
83,68,82,52,71,95,
157,180,87,64,190,
147,46,30,182,
38,39,190,
129,58,
27