NAME = AISearchfile058,
SIZE = 58,
1444,1634,531,1678,1511,283,561,3579,1565,3434,1152,970,3724,1072,1230,290,4480,413,435,1041,3643,1889,3926,949,1402,709,1232,938,1102,2725,3039,2925,1019,3590,802,5265,176,1468,675,4113,1407,213,4052,489,818,478,4108,3616,2133,3305,1763,1407,3754,547,3639,2517,1839,
974,1353,2128,964,1398,1041,2149,1442,3173,455,1009,3459,1101,894,1686,3045,2009,2070,941,2973,2553,3684,950,1433,1177,696,887,760,2286,2585,2692,1004,3322,1081,3830,1609,1488,926,2688,1063,1740,3388,1298,2266,673,3586,2952,693,2906,1972,772,3583,1935,3380,2624,1175,
1507,1608,359,1495,1202,2388,908,2211,754,919,2493,983,607,1838,3289,2199,2265,774,2013,1238,2718,880,1348,1332,517,1383,721,1350,1619,1726,827,2359,991,4074,1705,1174,1109,2922,459,1930,2422,1452,2358,875,2620,1986,932,1946,1438,490,2617,2087,2414,1612,209,
1416,1249,254,300,3495,1297,3165,856,707,3462,810,968,476,4396,1096,960,1079,3512,1627,3658,687,1140,178,978,945,846,2159,2566,2678,757,3328,691,5181,474,1214,374,4029,1145,806,3864,138,992,652,3841,3428,2044,3049,1646,1127,3486,730,3371,2393,1651,
1248,1485,1117,4265,694,1925,1290,700,2366,618,1019,1824,5166,2243,2309,871,3937,456,2417,802,279,1246,1148,1755,1050,1210,1557,1441,781,2265,772,5951,1695,257,1231,4799,1188,1971,2844,1342,2353,1225,2636,2413,2819,1658,248,1135,2245,2082,2130,1002,1282,
1311,950,2513,557,2305,589,590,2655,692,282,1672,3414,2076,2134,419,2364,881,2918,497,993,1078,288,1174,546,1408,2031,1917,508,2623,662,4199,1421,817,1064,3047,112,1798,2649,1191,2179,728,2846,2213,1062,2166,1057,234,2746,1931,2651,1811,436,
368,3535,1367,3236,959,777,3531,879,1037,359,4436,1494,851,848,3500,2243,4225,756,1210,432,1039,788,909,2532,2841,2727,826,3397,702,5221,224,1275,482,4069,1214,701,3929,189,887,758,3906,3493,2089,3124,1570,1214,3551,606,3441,2324,1716,
3190,1003,2866,591,408,3163,511,669,711,4091,1126,1192,480,3207,1328,3359,388,846,129,671,638,5410,1860,2267,2379,458,3029,392,4876,578,915,114,3724,846,854,3565,250,1236,390,3542,3129,1734,2601,1347,846,3187,965,3072,2094,1352,
3060,4549,2590,3073,4835,3236,2761,3825,901,4144,4505,2942,4391,3385,5060,3083,3481,3314,2667,3024,2902,3718,4182,4068,3140,4701,3145,1686,3752,3307,3061,544,2613,3875,4764,3440,4408,2808,4962,4328,1456,4316,3590,2959,4959,4002,4848,4038,2551,
1863,991,586,2223,563,523,1710,3961,2130,2196,660,2824,324,2355,668,434,1126,750,1511,706,851,1260,1354,584,2089,658,4746,1577,260,1106,3594,494,1861,2929,1247,2230,996,2535,2493,1609,1600,524,666,2183,1959,2068,1116,716,
2860,2444,343,2354,2392,3579,5480,3999,4065,2529,2109,1545,549,2537,2204,2995,2619,3380,2575,1006,770,656,2453,211,2527,6265,3547,2004,2975,5123,2406,3730,1608,3110,4099,2865,1052,1172,3131,307,1684,2535,372,3828,257,936,2010,
590,3214,688,432,1236,3491,1717,1783,329,2763,1315,3352,488,1014,720,345,607,287,2331,2465,2351,560,3185,602,4276,1169,1088,705,3124,498,1445,3168,841,1827,366,3366,2732,1144,2963,1369,394,3180,1493,3065,2123,955,
2913,97,319,1115,3969,1535,1596,171,2936,1021,2936,102,429,536,448,1046,337,1441,2068,1954,98,2595,72,4759,982,498,524,3607,486,1258,3227,652,1645,525,3122,2791,1622,2358,8700,435,2764,1139,2649,1542,1015,
2831,2746,3870,5766,4504,4362,2883,2040,1934,228,2891,2492,3402,2973,3734,2991,1447,924,925,2869,147,2985,6553,3741,2449,3277,4875,2717,4017,1544,3545,4399,3219,681,1103,3417,594,1972,2889,130,4128,184,1377,2296,
416,1218,4137,1637,1693,268,3006,887,2846,199,339,640,543,1143,334,1339,1984,1870,169,2606,86,4922,1079,523,625,3770,588,1355,3295,761,1742,623,3032,2859,1790,2087,858,532,2644,1475,2559,1612,1083,
1381,3662,1795,1783,148,2543,847,2884,217,722,798,192,892,276,2042,1997,1883,227,2914,391,4447,1301,783,635,3294,184,1423,2928,919,1905,447,3064,2492,1310,2515,1095,98,2712,1638,2597,1849,715,
4791,634,492,1187,3843,2040,4171,1095,1553,639,1592,943,1248,2570,3184,3070,1165,3736,1099,5511,137,1627,759,4359,1560,342,4252,598,528,1036,4249,3816,2379,3467,1908,1557,3899,257,3784,2806,2039,
5045,5106,3843,5298,4286,5991,3986,4615,4215,3568,3925,3803,4619,5113,4999,4041,5632,4117,785,4648,4208,3962,1445,3514,4776,5695,4341,5304,3709,5893,5259,2357,5217,4708,3860,5890,4971,5687,4929,3482,
254,1606,4208,2454,4491,1514,1967,1274,1797,1185,1882,2986,3604,3490,1584,4155,1489,5830,771,2033,1240,4678,1972,312,4617,1232,760,1635,4673,4181,2698,3870,2328,2072,4319,300,4204,3082,2400,
1672,4274,2510,4557,1580,2037,1138,1863,1438,1740,3351,3670,3556,1650,4221,1668,5891,629,2094,1306,4739,2038,273,4679,1090,607,837,4739,4243,2759,3936,2389,1733,4385,229,4270,3143,2466,
2934,984,3021,107,567,609,287,842,158,2049,2134,2020,75,2766,243,4628,1153,669,594,3476,315,1335,3213,730,1716,354,3201,2777,1491,2251,1087,359,2849,1444,2734,1841,1000,
2922,2108,3026,3236,3336,2522,3392,2730,2390,1991,2107,2844,1958,3008,6083,3710,3503,3093,4925,2464,3939,806,3457,4363,2884,1571,947,2941,2437,3116,2636,2170,4092,2083,2368,2120,
2037,992,600,1450,1074,1835,1030,1394,1175,1061,908,1876,1093,5071,1901,554,1542,3919,818,2182,2425,1671,2654,1546,2217,1994,1939,1278,432,990,1865,2293,1750,801,1030,
3162,2696,3487,3114,3872,3067,1498,1240,1126,2945,366,3008,6776,4020,2496,3467,5634,2855,4222,1607,3603,4591,3036,537,1171,3642,799,2176,3027,190,4320,297,1428,2521,
533,517,342,976,235,1543,2074,1960,80,2697,170,4771,967,600,502,3617,389,942,3206,754,1747,523,3209,2770,1639,2263,888,335,2857,1352,2753,1642,960,
969,852,1470,771,1123,1834,1720,502,2267,554,5167,1420,184,971,4015,889,1698,3004,1063,2073,949,2804,2571,2035,1937,527,856,2524,1802,2409,1275,1145,
800,767,670,1189,2600,2486,587,3158,528,5000,652,1044,243,3848,975,984,3751,124,1177,519,3665,3315,1868,2878,1329,975,3310,908,3200,2083,1538,
742,279,1878,2349,2235,383,3043,520,4353,1249,946,705,3201,239,1525,2931,921,2093,367,3129,2495,1216,2691,1266,194,2939,1849,2923,2020,718,
578,2951,2905,2871,1096,3600,1118,4720,1216,1771,524,3558,1076,1288,3801,888,1471,520,3998,3365,1578,3399,1989,1484,3846,1200,3585,2627,1588,
1557,2182,2066,217,2915,407,4588,1119,835,439,3436,451,1395,3135,791,1776,287,3333,2699,1451,2713,2699,314,2895,1505,2780,1990,922,
636,522,1435,1337,1434,5404,2901,1460,1974,4252,1345,3033,1882,2098,3554,2266,1681,1446,2278,739,962,1517,1326,2899,1211,259,1199,
114,1844,931,2388,5676,2845,1638,2580,4756,1968,3335,1715,2736,3706,2470,1273,1284,2543,330,1340,2142,1068,3433,953,564,1422,
1944,815,2274,5784,3047,1524,2466,4642,1854,3221,1601,2620,3590,2356,1385,1170,2650,367,1226,2026,954,3319,839,452,1529,
2793,170,4826,1036,844,572,3674,411,1312,3136,708,1694,455,3125,2700,1694,2182,948,287,2773,1423,2658,1702,923,
2667,6417,3607,2339,3134,5274,2563,3883,1451,3451,4265,3120,817,1011,3283,464,1834,2875,200,4004,135,1267,2162,
4902,1059,570,506,3750,558,1340,3299,722,1717,577,3199,2864,1770,2430,856,508,2836,1356,2721,1610,1087,
5423,4993,4747,2230,4299,5561,6480,5126,6089,4494,6678,6044,3142,6002,5271,4645,6675,5756,6472,5724,4267,
1480,692,4291,1424,479,4119,347,665,968,4116,3683,2300,3334,1939,1424,3848,394,3744,2693,1906,
1022,3841,754,1756,3178,1165,2151,1023,2676,2742,1861,1737,498,926,2324,1637,2209,1252,965,
3595,960,968,3502,364,1350,274,3635,3066,1615,2878,1303,1060,3295,1016,3180,2057,1289,
3147,4409,5338,3974,4947,3342,5536,4902,1990,4850,4124,3538,5533,4604,5330,4572,3125,
1700,2750,1096,2082,631,2948,2314,1162,2266,994,137,2683,1839,2568,1748,537,
4344,940,562,708,4401,3908,2429,3601,2051,1710,4050,354,3935,2805,2131,
3866,4772,3325,1070,446,3346,1861,2417,2906,1669,4501,1582,1869,2225,
1126,640,3786,3430,1989,2845,1582,1096,3431,855,3316,2336,1653,
1564,4774,4036,2957,3987,2592,2185,4589,262,4306,3346,2559,
3487,2889,1362,2878,1304,599,3185,1293,3070,2058,1112,
634,3544,1302,2395,3104,693,4503,800,1647,2423,
2910,1425,2105,2470,1233,4065,1146,1422,1789,
2870,2139,1193,3304,2624,3338,2582,1133,
1417,2635,627,3716,512,669,1743,
1196,2004,1932,1889,754,1238,
2855,1811,2740,1950,693,
4148,125,1256,2420,
4041,2686,2288,
1141,2217,
1461